-0.359375
-0.234375
-0.109375
-0.164062
-0.019531
-0.054688
0.070312
-0.171875
-0.191406
-0.011719
-0.246094
-0.003906
-0.355469
-0.089844
0.097656
-0.210938
-0.089844
0.074219
-0.070312
-0.058594
-0.062500
0.050781
0.011719
0.011719
-0.183594
-0.253906
0.074219
0.054688
-0.296875
-0.035156
0.019531
-0.035156
0.023438
-0.035156
0.003906
-0.003906
-0.121094
-0.136719
0.039062
-0.183594
0.066406
0.058594
-0.074219
-0.109375
-0.167969
0.019531
-0.332031
-0.011719
-0.023438
0.062500
-0.050781
-0.132812
-0.195312
-0.265625
0.058594
-0.066406
-0.125000
0.062500
-0.035156
0.023438
-0.203125
-0.078125
-0.304688
-0.007812
-0.011719
0.015625
-0.050781
0.093750
-0.277344
-0.039062
-0.050781
-0.007812
-0.031250
0.058594
0.011719
-0.253906
-0.031250
-0.015625
-0.031250
-0.152344
0.089844
-0.308594
-0.089844
-0.000000
-0.148438
-0.128906
0.039062
-0.101562
0.070312
-0.121094
0.027344
0.046875
-0.140625
0.023438
-0.136719
-0.082031
-0.007812
-0.097656
-0.042969
0.046875
-0.078125
-0.156250
-0.234375
-0.152344
0.039062
-0.343750
0.058594
0.023438
-0.039062
-0.042969
0.042969
-0.062500
-0.113281
-0.019531
-0.042969
0.042969
-0.335938
-0.136719
-0.078125
0.023438
-0.078125
0.089844
-0.214844
0.050781
-0.375000
-0.011719
-0.031250
0.000000
0.003906
-0.972656
-0.156250
-0.058594
-0.187500
-0.105469
-0.113281
-0.015625
0.074219
-0.210938
-0.007812
0.019531
0.023438
0.011719
0.007812
0.078125
-0.058594
-0.042969
-0.054688
0.035156
0.093750
0.007812
0.078125
-0.359375
0.019531
0.093750
0.035156
-0.121094
0.023438
0.003906
0.011719
-0.027344
-0.042969
0.011719
-0.054688
-0.019531
0.023438
0.058594
-0.140625
0.066406
0.046875
0.023438
0.023438
-0.042969
-0.128906
-0.234375
-0.031250
-0.183594
-0.023438
-0.156250
0.019531
0.097656
-0.179688
-0.093750
-0.160156
-0.257812
0.070312
-0.042969
-0.113281
0.113281
-0.054688
0.054688
0.050781
-0.078125
0.058594
-0.234375
0.039062
-0.015625
-0.195312
-0.113281
-0.062500
-0.011719
-0.046875
-0.152344
-0.105469
0.085938
0.027344
0.007812
-0.171875
-0.261719
-0.148438
-0.214844
0.019531
0.066406
0.035156
-0.210938
0.023438
-0.093750
0.019531
-0.023438
-0.109375
0.015625
-0.062500
-0.000000
-0.074219
0.011719
0.082031
-0.128906
-0.109375
-0.187500
0.042969
0.015625
-0.062500
-0.027344
-0.011719
-0.035156
0.015625
-0.089844
-0.042969
0.062500
-0.183594
-0.085938
-0.000000
0.050781
-0.042969
-0.347656
0.109375
-0.214844
-0.023438
-0.027344
0.066406
-0.144531
-0.191406
-0.093750
-0.039062
0.066406
-0.160156
-0.035156
-0.042969
-0.062500
-0.140625
-0.054688
-0.300781
-0.035156
-0.003906
0.031250
0.019531
-0.136719
0.066406
0.054688
-0.007812
-0.046875
-0.070312
-0.023438
-0.011719
-0.066406
-0.226562
0.046875
-0.074219
-0.031250
-0.359375
-0.046875
-0.093750
0.000000
0.046875
0.035156
0.058594
-0.035156
0.074219
0.011719
-0.144531
-0.066406
0.007812
0.031250
-0.246094
0.027344
-0.000000
-0.441406
-0.011719
-0.097656
-0.035156
-0.394531
-0.085938
-0.214844
0.039062
0.039062
-0.121094
0.042969
-0.121094
-0.070312
-0.261719
-0.031250
-0.023438
-0.074219
-0.035156
-0.062500
0.003906
-0.203125
0.027344
-0.160156
-0.113281
-0.019531
-0.097656
0.015625
0.058594
-0.007812
-0.136719
0.019531
-0.062500
0.058594
-0.007812
-0.062500
-0.039062
-0.019531
-0.019531
-0.011719
-0.140625
-0.085938
-0.085938
0.054688
-0.085938
0.031250
-0.023438
-0.035156
-0.117188
-0.218750
-0.050781
-0.050781
0.054688
0.023438
0.117188
-0.078125
-0.195312
-0.058594
-0.050781
-0.089844
-0.183594
-0.046875
-0.125000
-0.070312
-0.238281
-0.015625
-0.148438
-0.007812
-0.175781
-0.058594
0.031250
-0.062500
-0.179688
-0.296875
-0.261719
-0.183594
-0.035156
0.050781
-0.031250
-0.011719
-0.140625
-0.097656
-0.566406
0.062500
-0.183594
0.054688
0.015625
-0.148438
-0.089844
-0.285156
-0.304688
-0.031250
-0.089844
0.093750
0.054688
0.031250
-0.128906
-0.113281
-0.253906
0.027344
-0.339844
-0.050781
0.023438
-0.003906
-0.027344
0.035156
-0.179688
-0.085938
-0.292969
0.070312
0.011719
-0.156250
-0.125000
-0.199219
0.007812
-0.097656
-0.156250
0.039062
-0.015625
0.007812
0.050781
-0.101562
0.023438
-0.109375
-0.011719
-0.062500
-0.007812
0.015625
-0.078125
-0.093750
0.089844
-0.261719
-0.148438
0.015625
-0.160156
-0.078125
-0.019531
0.011719
-0.039062
0.109375
0.031250
0.007812
-0.375000
-0.003906
-0.195312
-0.167969
-0.246094
0.054688
-0.230469
-0.066406
-0.070312
-0.011719
-0.203125
-0.132812
-0.101562
-0.222656
-0.238281
-0.003906
0.011719
-0.003906
0.027344
0.023438
-0.058594
-0.042969
0.078125
-0.011719
-0.285156
0.011719
0.046875
-0.195312
0.031250
-0.000000
-0.218750
0.023438
-0.042969
-0.011719
-0.023438
-0.019531
-0.042969
-0.226562
-0.175781
0.003906
-0.039062
0.027344
-0.308594
-0.171875
0.066406
0.042969
0.066406
-0.050781
-0.398438
-0.117188
-0.035156
0.031250
0.046875
0.050781
-0.011719
0.050781
-0.195312
0.007812
0.007812
-0.308594
-0.011719
-0.171875
-0.000000
-0.015625
-0.328125
0.062500
-0.156250
0.042969
0.007812
0.058594
-0.089844
-0.113281
0.003906
-0.035156
-0.113281
-0.144531
-0.089844
0.042969
-0.027344
0.003906
0.027344
0.027344
0.046875
-0.039062
-0.000000
0.023438
-0.105469
-0.363281
-0.132812
0.023438
-0.035156
-0.101562
0.050781
-0.093750
-0.031250
-0.128906
-0.042969
-0.007812
0.070312
-0.031250
0.031250
-0.187500
-0.070312
0.019531
-0.132812
-0.003906
-0.015625
0.074219
0.062500
-0.167969
-0.109375
-0.007812
-0.050781
0.035156
-0.003906
-0.078125
-0.093750
-0.113281
-0.125000
-0.070312
-0.058594
-0.113281
-0.218750
-0.015625
0.054688
-0.156250
-0.136719
-0.050781
-0.066406
0.019531
-0.011719
0.070312
0.027344
0.011719
0.011719
-0.144531
0.031250
-0.175781
0.031250
-0.066406
-0.050781
-0.171875
-0.058594
-0.042969
0.007812
0.070312
-0.023438
-0.117188
-0.031250
0.015625
0.015625
-0.000000
-0.015625
0.066406
-0.070312
0.031250
0.046875
-0.289062
-0.164062
-0.054688
0.058594
-0.082031
-0.097656
-0.093750
0.054688
-0.082031
-0.070312
-0.062500
-0.101562
0.003906
0.054688
0.074219
0.000000
-0.105469
-0.042969
-0.132812
0.019531
-0.089844
-0.023438
-0.046875
-0.105469
-0.121094
0.015625
0.027344
-0.000000
-0.117188
0.015625
0.066406
0.085938
0.035156
-0.183594
-0.210938
0.035156
0.031250
-0.031250
0.023438
-0.093750
-0.125000
0.031250
-0.058594
0.027344
-0.019531
0.015625
0.046875
0.031250
-0.175781
-0.054688
-0.117188
0.082031
-0.093750
0.062500
-0.035156
-0.039062
-0.113281
-0.199219
0.031250
0.027344
-0.214844
-0.144531
-0.031250
-0.027344
-0.039062
-0.000000
-0.437500
-0.300781
-0.035156
0.019531
-0.164062
-0.183594
-0.042969
-0.132812
0.046875
0.054688
-0.042969
0.027344
-0.058594
0.023438
-0.656250
-0.054688
-0.023438
-0.117188
-0.128906
-0.085938
-0.003906
0.031250
0.109375
0.003906
-0.042969
-0.171875
0.046875
-0.207031
0.054688
0.031250
-0.046875
0.039062
-0.066406
-0.148438
-0.136719
-0.054688
-0.171875
-0.187500
-0.050781
-0.015625
0.085938
-0.003906
0.015625
-0.093750
-0.203125
0.007812
-0.031250
-0.000000
-0.070312
0.050781
-0.082031
-0.019531
-0.035156
-0.003906
0.015625
-0.007812
-0.265625
0.000000
-0.101562
-0.179688
-0.039062
0.007812
-0.109375
0.007812
0.039062
0.019531
-0.050781
-0.121094
-0.109375
0.054688
0.039062
-0.089844
-0.105469
-0.347656
-0.031250
-0.015625
0.027344
-0.085938
-0.093750
-0.074219
-0.113281
-0.101562
-0.027344
-0.054688
0.074219
-0.039062
-0.031250
-0.058594
-0.039062
-0.089844
-0.031250
-0.101562
-0.046875
-0.058594
-0.050781
-0.167969
-0.007812
0.074219
-0.085938
-0.074219
0.007812
-0.039062
-0.031250
0.117188
0.039062
0.078125
0.062500
-0.113281
0.062500
-0.156250
0.062500
-0.082031
-0.117188
-0.082031
-0.058594
-0.167969
-0.671875
-0.156250
-0.175781
0.011719
0.062500
0.050781
0.070312
-0.152344
0.011719
-0.003906
-0.007812
-0.082031
-0.097656
0.031250
-0.257812
0.097656
0.019531
-0.039062
-0.160156
-0.039062
-0.023438
0.074219
-0.070312
0.070312
-0.058594
0.042969
-0.273438
-0.117188
0.019531
-0.085938
-0.152344
-0.234375
-0.027344
-0.007812
-0.062500
0.058594
0.035156
-0.027344
0.015625
0.023438
0.027344
-0.050781
-0.132812
-0.011719
-0.101562
0.046875
-0.101562
0.015625
-0.121094
0.003906
-0.035156
0.062500
0.054688
0.093750
0.085938
-0.136719
-0.003906
0.039062
-0.027344
0.003906
0.042969
-0.011719
0.027344
-0.117188
-0.015625
0.015625
-0.027344
-0.046875
-0.210938
-0.218750
0.074219
0.050781
-0.003906
-0.234375
0.042969
0.062500
0.035156
0.023438
-0.117188
-0.089844
-0.007812
-0.023438
0.023438
-0.019531
-0.093750
-0.078125
-0.156250
-0.035156
0.023438
0.042969
-0.148438
-0.015625
-0.175781
-0.035156
-0.117188
0.019531
-0.062500
0.027344
-0.011719
0.050781
-0.140625
-0.031250
0.015625
-0.042969
-0.035156
-0.308594
-0.042969
-0.140625
-0.042969
-0.062500
-0.238281
-0.031250
-0.207031
-0.035156
-0.003906
-0.175781
-0.234375
-0.003906
-0.078125
0.011719
0.070312
0.027344
-0.062500
0.039062
-0.031250
-0.027344
-0.007812
-0.007812
0.019531
-0.113281
-0.039062
0.054688
-0.039062
-0.222656
-0.156250
0.027344
-0.242188
-0.046875
0.078125
-0.019531
-0.035156
0.046875
0.019531
0.011719
-0.062500
0.019531
0.070312
-0.285156
-0.132812
0.042969
0.011719
-0.023438
0.046875
-0.167969
-0.035156
-0.035156
-0.050781
-0.027344
-0.011719
-0.386719
0.003906
-0.156250
0.019531
-0.035156
-0.117188
-0.015625
-0.097656
-0.140625
-0.070312
-0.105469
-0.007812
-0.066406
-0.203125
-0.089844
-0.113281
-0.054688
0.027344
-0.003906
0.074219
-0.109375
0.023438
-0.050781
-0.062500
-0.148438
-0.000000
0.089844
-0.089844
-0.175781
-0.082031
-0.726562
-0.105469
0.042969
-0.183594
0.078125
-0.007812
0.023438
-0.046875
0.003906
-0.195312
0.031250
-0.015625
-0.292969
0.066406
-0.070312
0.039062
0.035156
-0.230469
-0.117188
0.019531
-0.125000
-0.031250
-0.273438
-0.125000
-0.113281
0.062500
0.003906
-0.066406
-0.179688
0.078125
-0.070312
-0.031250
-0.003906
0.042969
-0.089844
-0.082031
0.054688
-0.085938
0.031250
-0.085938
-0.117188
-0.031250
0.050781
0.042969
-0.078125
-0.082031
-0.171875
-0.171875
-0.035156
-0.273438
-0.148438
0.066406
0.035156
0.074219
-0.000000
0.007812
-0.011719
-0.039062
-0.023438
0.039062
0.058594
-0.007812
0.054688
-0.214844
-0.039062
-0.011719
-0.148438
0.027344
-0.015625
-0.097656
0.035156
0.011719
0.050781
-0.187500
0.035156
-0.000000
-0.109375
-0.175781
0.031250
-0.117188
0.070312
-0.066406
0.050781
0.000000
0.074219
-0.019531
-0.218750
0.011719
-0.343750
-0.167969
-0.066406
-0.070312
-0.078125
-0.070312
-0.078125
-0.039062
-0.140625
0.019531
-0.382812
0.054688
-0.300781
-0.082031
0.019531
-0.183594
0.054688
0.062500
0.019531
-0.078125
0.035156
-0.058594
0.015625
-0.234375
0.011719
-0.015625
0.023438
-0.144531
0.062500
-0.109375
0.046875
0.046875
-0.335938
-0.007812
-0.125000
-0.023438
0.046875
-0.054688
-0.050781
-0.058594
0.062500
-0.097656
-0.269531
-0.035156
-0.019531
-0.058594
-0.054688
-0.066406
-0.042969
0.027344
-0.246094
-0.164062
0.035156
-0.136719
-0.023438
0.062500
0.035156
-0.074219
-0.062500
-0.039062
-0.031250
-0.066406
0.023438
-0.035156
-0.015625
0.003906
-0.207031
0.015625
-0.011719
-0.109375
0.027344
-0.097656
-0.195312
-0.070312
-0.039062
-0.113281
0.046875
0.128906
-0.101562
-0.156250
-0.363281
-0.015625
-0.011719
0.000000
0.035156
-0.152344
-0.085938
-0.152344
-0.015625
-0.027344
0.074219
-0.164062
0.042969
-0.078125
0.035156
-0.000000
-0.058594
0.003906
-0.179688
-0.191406
-0.113281
0.015625
0.050781
-0.117188
-0.042969
-0.074219
0.078125
0.054688
-0.207031
-0.156250
0.019531
-0.039062
0.042969
-0.070312
0.058594
-0.074219
-0.042969
-0.109375
-0.015625
-0.101562
0.019531
-0.058594
0.062500
-0.273438
-0.011719
-0.101562
0.023438
-0.242188
0.039062
-0.097656
-0.156250
0.070312
0.046875
0.062500
-0.539062
-0.074219
-0.062500
-0.101562
-0.093750
-0.261719
-0.105469
-0.132812
0.015625
-0.085938
-0.042969
0.066406
0.031250
0.023438
-0.136719
-0.476562
-0.363281
0.039062
0.074219
-0.281250
0.070312
-0.101562
-0.234375
-0.031250
-0.210938
0.031250
-0.335938
-0.023438
-0.035156
-0.070312
-0.031250
-0.050781
-0.074219
0.031250
-0.234375
0.019531
-0.015625
-0.234375
-0.164062
-0.187500
0.042969
-0.035156
-0.144531
0.035156
0.035156
0.093750
-0.003906
-0.015625
0.027344
-0.007812
0.046875
-0.062500
0.035156
-0.125000
0.058594
-0.023438
-0.140625
-0.207031
-0.167969
0.039062
-0.117188
-0.156250
0.058594
-0.007812
-0.109375
-0.085938
-0.152344
-0.015625
-0.312500
-0.042969
-0.031250
0.035156
-0.140625
-0.007812
-0.042969
-0.113281
-0.496094
0.101562
-0.015625
-0.015625
-0.312500
-0.054688
0.046875
-0.101562
-0.050781
-0.003906
0.003906
0.039062
0.050781
-0.039062
-0.019531
0.042969
-0.027344
-0.015625
-0.304688
-0.136719
-0.117188
0.007812
-0.015625
-0.343750
-0.156250
0.011719
0.050781
-0.031250
-0.011719
0.019531
0.066406
0.023438
-0.035156
-0.046875
-0.003906
-0.078125
-0.023438
-0.042969
-0.449219
-0.003906
-0.113281
0.046875
-0.117188
-0.039062
0.042969
-0.093750
-0.089844
-0.207031
-0.269531
0.007812
-0.171875
-0.261719
-0.042969
0.011719
-0.144531
-0.121094
-0.019531
-0.046875
0.027344
-0.105469
-0.140625
-0.078125
-0.742188
-0.035156
-0.289062
-0.152344
-0.062500
-0.144531
-0.015625
-0.152344
-0.031250
-0.031250
-0.296875
-0.140625
0.031250
-0.570312
0.007812
-0.031250
0.007812
-0.000000
-0.027344
0.023438
-0.039062
-0.085938
0.039062
0.007812
0.046875
0.011719
-0.113281
-0.218750
0.027344
0.058594
0.011719
0.054688
-0.476562
-0.003906
-0.011719
-0.105469
0.019531
-0.230469
-0.265625
-0.019531
-0.070312
0.066406
0.058594
0.054688
0.066406
-0.093750
0.039062
0.007812
0.031250
-0.066406
-0.121094
-0.046875
-0.128906
-0.171875
0.011719
-0.074219
0.035156
-0.179688
-0.031250
0.046875
-0.156250
0.039062
-0.125000
-0.019531
-0.281250
0.031250
0.007812
0.039062
-0.277344
-0.019531
0.035156
0.019531
-0.359375
-0.007812
0.007812
0.042969
0.050781
-0.289062
0.042969
0.023438
0.000000
0.011719
-0.042969
-0.128906
-0.019531
0.023438
-0.152344
-0.082031
0.078125
0.003906
-0.105469
0.039062
-0.027344
0.011719
-0.023438
-0.210938
0.019531
-0.117188
-0.062500
0.000000
0.042969
-0.003906
-0.167969
-0.140625
0.027344
-0.156250
-0.265625
-0.019531
-0.011719
-0.101562
-0.238281
0.031250
-0.207031
-0.062500
-0.105469
-0.175781
-0.113281
0.031250
-0.066406
-0.039062
-0.140625
0.039062
0.054688
-0.089844
-0.046875
0.035156
-0.082031
-0.164062
0.039062
-0.039062
0.003906
-0.031250
0.015625
-0.164062
-0.058594
-0.128906
-0.296875
0.023438
0.062500
-0.136719
-0.003906
-0.156250
0.050781
0.054688
-0.289062
0.019531
0.042969
0.003906
-0.003906
0.101562
0.039062
0.117188
-0.074219
-0.117188
-0.070312
-0.128906
0.074219
0.109375
0.011719
0.050781
0.019531
-0.214844
0.027344
0.074219
0.042969
0.070312
0.027344
0.027344
-0.218750
0.015625
0.000000
-0.164062
-0.003906
-0.132812
0.023438
0.015625
-0.035156
-0.035156
0.058594
0.058594
0.019531
0.062500
-0.000000
-0.164062
-0.351562
-0.062500
0.011719
-0.144531
-0.117188
-0.238281
0.031250
0.019531
0.074219
0.019531
0.066406
-0.003906
0.019531
0.027344
-0.214844
-0.089844
0.019531
0.019531
-0.042969
0.050781
-0.343750
-0.273438
-0.031250
-0.035156
-0.312500
-0.050781
-0.105469
-0.210938
-0.097656
0.082031
-0.101562
0.046875
0.078125
0.011719
-0.152344
-0.093750
0.007812
0.000000
-0.117188
-0.019531
-0.175781
0.031250
-0.011719
-0.003906
-0.031250
0.058594
-0.062500
-0.007812
0.054688
-0.000000
-0.039062
-0.007812
0.066406
-0.070312
-0.085938
0.015625
-0.101562
-0.050781
-0.140625
0.027344
0.039062
0.042969
-0.250000
-0.429688
-0.050781
-0.035156
0.062500
-0.140625
0.023438
0.042969
-0.277344
-0.234375
-0.339844
0.019531
-0.265625
-0.210938
0.082031
-0.164062
-0.007812
-0.179688
0.042969
-0.031250
-0.261719
0.042969
0.070312
0.042969
0.015625
-0.035156
0.085938
-0.000000
-0.140625
-0.121094
0.058594
-0.281250
-0.062500
0.046875
-0.003906
-0.089844
-0.027344
0.015625
-0.156250
0.027344
0.050781
-0.246094
-0.164062
0.023438
-0.046875
0.082031
0.035156
0.019531
-0.000000
-0.003906
-0.015625
-0.066406
-0.046875
0.007812
-0.253906
0.019531
0.093750
-0.062500
-0.164062
-0.019531
0.074219
0.039062
-0.027344
0.046875
-0.015625
0.019531
0.046875
-0.050781
-0.148438
0.035156
-0.132812
0.054688
-0.058594
-0.132812
-0.113281
-0.164062
-0.257812
-0.031250
0.078125
-0.253906
0.011719
0.046875
0.050781
-0.015625
0.066406
0.019531
-0.152344
-0.050781
-0.171875
-0.082031
-0.054688
-0.054688
0.015625
0.121094
-0.046875
-0.054688
-0.000000
0.050781
0.050781
-0.011719
-0.007812
-0.074219
0.003906
-0.148438
-0.042969
-0.132812
-0.125000
-0.062500
-0.140625
-0.078125
-0.015625
-0.265625
0.097656
-0.062500
-0.132812
-0.246094
-0.074219
-0.105469
-0.066406
-0.066406
0.003906
0.035156
0.089844
0.011719
-0.175781
-0.136719
-0.019531
-0.007812
-0.035156
0.023438
-0.085938
0.046875
0.000000
-0.066406
-0.035156
0.042969
-0.007812
-0.113281
0.019531
-0.039062
-0.109375
-0.203125
0.027344
-0.046875
-0.097656
-0.031250
-0.246094
0.066406
-0.066406
-0.058594
0.023438
-0.113281
0.050781
0.031250
0.035156
-0.125000
-0.019531
0.042969
0.113281
-0.101562
-0.035156
-0.003906
-0.117188
-0.062500
0.058594
-0.179688
0.082031
0.058594
-0.085938
-0.050781
-0.011719
-0.023438
0.050781
0.058594
0.007812
-0.191406
0.066406
-0.003906
0.035156
-0.046875
-0.039062
-0.167969
0.019531
-0.117188
0.003906
-0.070312
-0.003906
-0.125000
-0.046875
-0.027344
-0.093750
0.027344
0.074219
-0.000000
0.082031
-0.074219
0.031250
0.062500
-0.238281
-0.074219
-0.050781
-0.105469
-0.023438
-0.031250
-0.109375
-0.160156
-0.156250
0.027344
-0.140625
0.078125
-0.171875
0.078125
-0.277344
-0.019531
-0.101562
0.011719
-0.078125
0.082031
0.058594
-0.039062
-0.031250
-0.078125
0.031250
0.039062
-0.050781
-0.054688
0.054688
0.066406
-0.171875
0.050781
0.015625
-0.011719
0.058594
-0.105469
-0.113281
-0.019531
-0.175781
0.070312
-0.011719
-0.015625
0.085938
-0.011719
-0.082031
-0.007812
0.031250
0.027344
-0.113281
-0.035156
-0.000000
-0.277344
-0.003906
-0.289062
-0.007812
-0.011719
-0.054688
-0.023438
0.027344
0.046875
0.074219
-0.082031
-0.062500
-0.000000
0.062500
0.011719
-0.242188
-0.078125
-0.019531
0.003906
-0.003906
0.062500
0.003906
-0.113281
0.003906
-0.183594
-0.058594
-0.031250
0.078125
-0.023438
-0.035156
0.046875
0.046875
-0.011719
-0.046875
-0.011719
0.011719
0.035156
-0.054688
-0.324219
0.074219
-0.140625
-0.101562
0.023438
-0.023438
-0.070312
-0.023438
-0.089844
0.046875
0.031250
0.023438
-0.078125
0.027344
0.011719
0.066406
-0.074219
-0.058594
-0.085938
-0.023438
0.003906
-0.031250
-0.027344
0.074219
-0.136719
-0.089844
-0.023438
0.031250
-0.082031
-0.019531
-0.042969
0.011719
-0.183594
-0.113281
-0.222656
0.054688
-0.066406
0.046875
-0.046875
0.011719
-0.023438
-0.027344
0.054688
0.027344
-0.207031
0.011719
-0.121094
-0.085938
-0.121094
0.042969
-0.035156
-0.015625
-0.242188
-0.015625
-0.101562
-0.113281
0.054688
-0.027344
0.046875
-0.210938
0.007812
0.066406
-0.023438
0.003906
0.085938
0.003906
-0.246094
0.039062
-0.113281
0.011719
-0.082031
-0.007812
-0.062500
-0.132812
-0.062500
-0.144531
-0.093750
-0.097656
0.015625
-0.042969
0.078125
-0.097656
-0.136719
-0.066406
-0.089844
-0.046875
0.039062
0.003906
-0.003906
-0.609375
-0.058594
-0.082031
-0.062500
-0.027344
-0.050781
-0.039062
0.039062
-0.070312
-0.003906
0.078125
-0.046875
0.070312
0.003906
-0.117188
0.031250
0.074219
-0.039062
-0.210938
-0.160156
0.015625
-0.132812
0.015625
0.027344
0.023438
-0.203125
-0.125000
-0.023438
0.011719
-0.347656
-0.089844
0.019531
-0.171875
0.042969
0.039062
-0.101562
-0.156250
-0.011719
-0.082031
-0.074219
-0.160156
-0.039062
-0.132812
-0.050781
-0.023438
-0.031250
0.046875
0.042969
-0.074219
-0.015625
-0.105469
0.039062
-0.300781
0.007812
